function res = set_adjacency_matrix(N)
res =       [
             1 1 0 0 0 0 0
             1 1 1 1 0 0 0
             0 1 1 0 0 0 0
             0 1 0 1 1 0 0
             0 0 0 1 1 1 1
             0 0 0 0 1 1 0
             0 0 0 0 1 0 1
             ];
end